[gd_scene load_steps=9 format=3 uid="uid://07vd4q1yr7yd"]

[ext_resource type="PackedScene" uid="uid://bdplp3us7r8rh" path="res://scenes/room.tscn" id="1_yqjtg"]
[ext_resource type="PackedScene" uid="uid://bo8dc5wvrt11k" path="res://scenes/race_track.tscn" id="2_lnu2h"]
[ext_resource type="Script" uid="uid://bd046eokvcnu2" path="res://addons/phantom_camera/scripts/phantom_camera_host/phantom_camera_host.gd" id="3_lnu2h"]

[sub_resource type="QuadMesh" id="QuadMesh_yqjtg"]
size = Vector2(3, 2)

[sub_resource type="ViewportTexture" id="ViewportTexture_lnu2h"]
viewport_path = NodePath("SubViewport")

[sub_resource type="StandardMaterial3D" id="StandardMaterial3D_lbhrr"]
resource_local_to_scene = true
transparency = 1
shading_mode = 0
albedo_texture = SubResource("ViewportTexture_lnu2h")

[sub_resource type="BoxShape3D" id="BoxShape3D_iywne"]
size = Vector3(3, 2, 0.1)

[sub_resource type="Environment" id="Environment_lnu2h"]
background_energy_multiplier = 5.24

[node name="Game" type="Node3D"]

[node name="Room" parent="." instance=ExtResource("1_yqjtg")]

[node name="Quad" type="MeshInstance3D" parent="Room"]
editor_description = "To setup this MeshInstance3D:
* Set Surface Material Override to a new StandardMaterial3D.
* At the bottom of the StandardMaterial3D's properties, set \"Local to Scene\" to true.
* Set the Albedo Texture of StandardMaterial3D to new ViewportTexture and set the Viewport Path.
* Transparency to Alpha.
* Shading to Unshaded."
transform = Transform3D(-0.999217, 0, 0.0395736, 0, 1, 0, -0.0395736, 0, -0.999217, -0.647578, 2.70633, 3.19552)
mesh = SubResource("QuadMesh_yqjtg")
surface_material_override/0 = SubResource("StandardMaterial3D_lbhrr")

[node name="Area3D" type="Area3D" parent="Room/Quad"]
collision_layer = 2
input_capture_on_drag = true

[node name="CollisionShape3D" type="CollisionShape3D" parent="Room/Quad/Area3D"]
shape = SubResource("BoxShape3D_iywne")

[node name="RaceTrack" parent="." instance=ExtResource("2_lnu2h")]
transform = Transform3D(1, 0, 0, 0, 1, 0, 0, 0, 1, 0, 0, 811.259)

[node name="SubViewport" type="SubViewport" parent="."]

[node name="TextureRect" type="TextureRect" parent="SubViewport"]
offset_right = 40.0
offset_bottom = 40.0

[node name="Camera3D" type="Camera3D" parent="."]
transform = Transform3D(-1, 0, -8.74228e-08, -1.74921e-08, 0.979778, 0.200086, 8.56549e-08, 0.200086, -0.979778, -0.184646, 2.54906, -1.06024)
environment = SubResource("Environment_lnu2h")
current = true

[node name="PhantomCameraHost" type="Node" parent="Camera3D"]
process_priority = 300
process_physics_priority = 300
script = ExtResource("3_lnu2h")
metadata/_custom_type_script = "uid://bd046eokvcnu2"

[node name="DirectionalLight3D" type="DirectionalLight3D" parent="."]
transform = Transform3D(1, 0, 0, 0, -0.421875, 0.906654, 0, -0.906654, -0.421875, -2.44773, 22.3992, -7.95924)
sky_mode = 1
