[gd_scene load_steps=45 format=3 uid="uid://bo8dc5wvrt11k"]

[ext_resource type="PackedScene" uid="uid://dxw7cledbpiia" path="res://addons/proto-csgs/proto_csg_box_3d.tscn" id="1_a8xlo"]
[ext_resource type="Script" uid="uid://57n2ua0pw8w" path="res://scripts/race_track_manager.gd" id="1_rbx75"]
[ext_resource type="Texture2D" uid="uid://cej3yoosomfd2" path="res://addons/proto-csgs/textures/dark/texture_13.png" id="2_imslj"]
[ext_resource type="PackedScene" uid="uid://c07jgg31kwmhd" path="res://props/track.tscn" id="2_pgsk4"]
[ext_resource type="PackedScene" uid="uid://dew8hchk7j1mf" path="res://scenes/race_start_ui.tscn" id="2_q523l"]
[ext_resource type="PackedScene" uid="uid://4cu0ofjimt1k" path="res://scenes/race_ui.tscn" id="3_pgsk4"]
[ext_resource type="Shader" uid="uid://b51fbthc45bra" path="res://shaders/VHS.gdshader" id="4_q523l"]
[ext_resource type="ArrayMesh" uid="uid://f5rd8oynak8u" path="res://meshes/bleachers.obj" id="5_338i0"]
[ext_resource type="PackedScene" uid="uid://l2l68cner8es" path="res://scenes/race_end_ui.tscn" id="6_rbx75"]
[ext_resource type="PackedScene" uid="uid://cf2g0j46oq2cb" path="res://props/horse.tscn" id="7_k7obx"]
[ext_resource type="Script" uid="uid://bd046eokvcnu2" path="res://addons/phantom_camera/scripts/phantom_camera_host/phantom_camera_host.gd" id="10_k7obx"]
[ext_resource type="Script" uid="uid://csjccrhj5wnx7" path="res://addons/phantom_camera/scripts/phantom_camera/phantom_camera_3d.gd" id="11_rbx75"]
[ext_resource type="Script" uid="uid://8umksf8e80fw" path="res://addons/phantom_camera/scripts/resources/tween_resource.gd" id="12_y7tfb"]

[sub_resource type="ShaderMaterial" id="ShaderMaterial_pgsk4"]
shader = ExtResource("4_q523l")
shader_parameter/overlay = true
shader_parameter/scanlines_opacity = 0.0
shader_parameter/scanlines_width = 0.0
shader_parameter/grille_opacity = 0.0
shader_parameter/resolution = Vector2(640, 480)
shader_parameter/pixelate = true
shader_parameter/roll = false
shader_parameter/roll_speed = 8.0
shader_parameter/roll_size = 0.0
shader_parameter/roll_variation = 1.8
shader_parameter/distort_intensity = 0.0
shader_parameter/noise_opacity = 0.075
shader_parameter/noise_speed = 5.0
shader_parameter/static_noise_intensity = 0.07
shader_parameter/aberration = 4.75e-08
shader_parameter/brightness = 1.4
shader_parameter/discolor = false
shader_parameter/warp_amount = 0.0
shader_parameter/clip_warp = false
shader_parameter/vignette_intensity = 0.0
shader_parameter/vignette_opacity = 0.0

[sub_resource type="NavigationMesh" id="NavigationMesh_0ddct"]
vertices = PackedVector3Array(-121.016, 0.051223, -40.1084, -121.016, 0.051223, -9.10843, -117.766, 0.051223, -22.3584, -117.016, 0.051223, -23.8584, -101.016, 0.051223, -39.6084, -100.016, 0.051223, -39.8584, 105.234, 0.051223, -23.8584, 106.984, 0.051223, -17.1084, 114.234, 0.051223, -17.3584, 114.234, 0.051223, -40.1084, 89.2344, 0.051223, -39.6084, 88.2344, 0.051223, -40.1084, -79.0156, 0.051223, -37.6084, -83.7656, 0.051223, -36.8584, -83.2656, 0.051223, -24.1084, -69.0156, 0.051223, -25.8584, -69.2656, 0.051223, -37.6084, -66.5156, 0.051223, -26.1084, -66.5156, 0.051223, -37.6084, -65.2656, 0.051223, -25.3584, 54.2344, 0.051223, -25.6084, 54.2344, 0.051223, -37.6084, 60.4844, 0.051223, -24.8584, 60.7344, 0.051223, -37.6084, 72.7344, 0.051223, -36.6084, 66.9844, 0.051223, -37.6084, 71.7344, 0.051223, -23.3584, -85.7656, 0.051223, -23.3584, -97.5156, 0.051223, -35.1084, -99.0156, 0.051223, -33.8584, -96.5156, 0.051223, -16.6084, 83.9844, 0.051223, -15.8584, 86.2344, 0.051223, -34.8584, 85.9844, 0.051223, -14.6084, 90.2344, 0.051223, -30.8584, -99.2656, 0.051223, -15.8584, -99.0156, 0.051223, -15.1084, -101.766, 0.051223, -31.3584, -104.766, 0.051223, -28.3584, 87.4844, 0.051223, -12.1084, 102.734, 0.051223, -12.3584, 100.734, 0.051223, -20.8584, 86.7344, 0.051223, -14.1084, -100.266, 0.051223, -13.3584, -112.516, 0.051223, -21.1084, -114.266, 0.051223, -13.6084, -67.5156, 0.051223, -20.1084, -68.5156, 0.051223, -20.6084, -74.7656, 0.051223, -19.6084, -74.7656, 0.051223, 17.6416, -66.5156, 0.051223, 18.6416, 63.9844, 0.051223, 17.8916, 63.9844, 0.051223, -18.8584, 55.7344, 0.051223, -20.1084, 54.2344, 0.051223, 18.8916, -77.0156, 0.051223, 17.1416, -77.0156, 0.051223, -19.3584, -99.2656, 0.051223, -1.35843, -98.7656, 0.051223, 1.14157, -95.2656, 0.051223, 9.64157, -83.0156, 0.051223, -18.8584, -95.0156, 0.051223, -11.6084, -84.0156, 0.051223, 16.6416, 71.2344, 0.051223, -17.3584, 70.2344, 0.051223, -18.3584, 86.2344, 0.051223, 0.141571, 86.2344, 0.051223, -1.10843, 82.9844, 0.051223, -9.60843, 81.9844, 0.051223, -11.1084, 70.9844, 0.051223, 17.1416, 82.2344, 0.051223, 10.1416, 108.484, 0.051223, -10.8584, 114.234, 0.051223, -11.1084, -102.516, 0.051223, -7.10843, -115.766, 0.051223, -7.35843, 89.9844, 0.051223, -5.60843, 104.234, 0.051223, -5.85843, 109.984, 0.051223, -4.60843, 114.234, 0.051223, -4.85843, -104.766, 0.051223, -1.35843, -117.266, 0.051223, -1.35843, 105.234, 0.051223, 0.391571, 105.484, 0.051223, -1.60843, 91.7344, 0.051223, -1.35843, 91.7344, 0.051223, 0.141571, 110.984, 0.051223, -0.108429, 109.484, 0.051223, 5.14157, 114.234, 0.051223, 5.39157, -117.516, 0.051223, -0.608429, -115.766, 0.051223, 5.64157, -104.766, 0.051223, -0.108429, -102.516, 0.051223, 5.39157, 103.484, 0.051223, 7.14157, 89.2344, 0.051223, 6.64157, 114.234, 0.051223, 15.1416, 106.984, 0.051223, 14.8916, -114.016, 0.051223, 12.6416, -100.016, 0.051223, 12.3916, 101.984, 0.051223, 13.1416, 86.9844, 0.051223, 12.8916, -101.766, 0.051223, 37.3916, -108.516, 0.051223, 30.6416, -109.016, 0.051223, 30.6416, -121.016, 0.051223, 39.1416, -112.266, 0.051223, 27.1416, -116.766, 0.051223, 23.3916, -121.016, 0.051223, 7.14157, -99.2656, 0.051223, 38.8916, -97.7656, 0.051223, 39.1416, -112.016, 0.051223, 20.6416, -103.266, 0.051223, 28.3916, -99.2656, 0.051223, 13.1416, 86.2344, 0.051223, 13.6416, 88.7344, 0.051223, 16.3916, 97.4844, 0.051223, 22.8916, 100.484, 0.051223, 19.8916, -99.2656, 0.051223, 32.1416, -97.2656, 0.051223, 14.3916, 85.2344, 0.051223, 14.3916, 86.4844, 0.051223, 33.1416, 90.4844, 0.051223, 29.3916, -98.0156, 0.051223, 33.6416, -97.0156, 0.051223, 33.8916, -79.2656, 0.051223, 36.8916, -85.2656, 0.051223, 21.8916, -79.2656, 0.051223, 22.3916, 73.7344, 0.051223, 35.6416, 84.9844, 0.051223, 33.8916, 73.4844, 0.051223, 21.6416, 104.734, 0.051223, 23.3916, 114.234, 0.051223, 39.1416, 88.9844, 0.051223, 38.1416, 85.9844, 0.051223, 39.1416, 72.2344, 0.051223, 22.3916, 58.4844, 0.051223, 37.1416, 66.2344, 0.051223, 37.1416, 58.2344, 0.051223, 23.6416, 55.7344, 0.051223, 24.1416, -67.5156, 0.051223, 23.8916, -74.0156, 0.051223, 22.8916, -74.0156, 0.051223, 37.1416)
polygons = [PackedInt32Array(2, 1, 0), PackedInt32Array(3, 2, 0), PackedInt32Array(4, 3, 0), PackedInt32Array(5, 4, 0), PackedInt32Array(8, 7, 6), PackedInt32Array(8, 6, 9), PackedInt32Array(9, 6, 10), PackedInt32Array(10, 11, 9), PackedInt32Array(12, 16, 13), PackedInt32Array(13, 16, 15), PackedInt32Array(13, 15, 14), PackedInt32Array(17, 15, 18), PackedInt32Array(18, 15, 16), PackedInt32Array(17, 18, 19), PackedInt32Array(19, 18, 20), PackedInt32Array(20, 18, 21), PackedInt32Array(21, 23, 20), PackedInt32Array(20, 23, 22), PackedInt32Array(25, 24, 23), PackedInt32Array(23, 24, 22), PackedInt32Array(22, 24, 26), PackedInt32Array(13, 14, 27), PackedInt32Array(28, 13, 29), PackedInt32Array(29, 13, 27), PackedInt32Array(29, 27, 30), PackedInt32Array(24, 32, 26), PackedInt32Array(26, 32, 31), PackedInt32Array(33, 31, 34), PackedInt32Array(34, 31, 32), PackedInt32Array(36, 35, 30), PackedInt32Array(30, 35, 37), PackedInt32Array(30, 37, 29), PackedInt32Array(37, 35, 38), PackedInt32Array(39, 42, 40), PackedInt32Array(40, 42, 41), PackedInt32Array(42, 33, 41), PackedInt32Array(41, 33, 34), PackedInt32Array(36, 43, 35), PackedInt32Array(35, 43, 45), PackedInt32Array(35, 45, 44), PackedInt32Array(35, 44, 38), PackedInt32Array(47, 46, 48), PackedInt32Array(48, 46, 49), PackedInt32Array(49, 46, 50), PackedInt32Array(52, 51, 53), PackedInt32Array(53, 51, 54), PackedInt32Array(53, 54, 50), PackedInt32Array(53, 50, 46), PackedInt32Array(56, 48, 55), PackedInt32Array(55, 48, 49), PackedInt32Array(59, 58, 57), PackedInt32Array(61, 60, 56), PackedInt32Array(62, 59, 55), PackedInt32Array(55, 59, 57), PackedInt32Array(55, 57, 61), PackedInt32Array(55, 61, 56), PackedInt32Array(52, 64, 63), PackedInt32Array(66, 65, 67), PackedInt32Array(67, 65, 68), PackedInt32Array(69, 51, 70), PackedInt32Array(70, 51, 65), PackedInt32Array(65, 51, 68), PackedInt32Array(68, 51, 52), PackedInt32Array(68, 52, 63), PackedInt32Array(72, 71, 8), PackedInt32Array(8, 71, 7), PackedInt32Array(74, 45, 73), PackedInt32Array(73, 45, 43), PackedInt32Array(76, 75, 40), PackedInt32Array(40, 75, 39), PackedInt32Array(78, 77, 72), PackedInt32Array(72, 77, 71), PackedInt32Array(80, 74, 79), PackedInt32Array(79, 74, 73), PackedInt32Array(82, 81, 76), PackedInt32Array(76, 81, 83), PackedInt32Array(83, 81, 84), PackedInt32Array(83, 75, 76), PackedInt32Array(85, 77, 78), PackedInt32Array(86, 85, 87), PackedInt32Array(87, 85, 78), PackedInt32Array(88, 80, 89), PackedInt32Array(89, 80, 90), PackedInt32Array(90, 80, 79), PackedInt32Array(91, 89, 90), PackedInt32Array(81, 92, 84), PackedInt32Array(84, 92, 93), PackedInt32Array(87, 94, 86), PackedInt32Array(86, 94, 95), PackedInt32Array(89, 91, 96), PackedInt32Array(96, 91, 97), PackedInt32Array(92, 98, 93), PackedInt32Array(93, 98, 99), PackedInt32Array(101, 100, 102), PackedInt32Array(102, 100, 103), PackedInt32Array(104, 102, 105), PackedInt32Array(105, 102, 103), PackedInt32Array(103, 106, 105), PackedInt32Array(100, 107, 103), PackedInt32Array(107, 108, 103), PackedInt32Array(97, 111, 96), PackedInt32Array(96, 111, 109), PackedInt32Array(109, 111, 110), PackedInt32Array(112, 99, 113), PackedInt32Array(113, 99, 114), PackedInt32Array(114, 99, 115), PackedInt32Array(115, 99, 98), PackedInt32Array(111, 117, 110), PackedInt32Array(110, 117, 116), PackedInt32Array(112, 113, 118), PackedInt32Array(118, 113, 120), PackedInt32Array(118, 120, 119), PackedInt32Array(121, 116, 122), PackedInt32Array(122, 116, 117), PackedInt32Array(122, 117, 124), PackedInt32Array(122, 124, 123), PackedInt32Array(124, 125, 123), PackedInt32Array(127, 126, 119), PackedInt32Array(119, 126, 128), PackedInt32Array(119, 128, 118), PackedInt32Array(129, 95, 94), PackedInt32Array(94, 130, 129), PackedInt32Array(129, 130, 131), PackedInt32Array(130, 132, 131), PackedInt32Array(113, 114, 120), PackedInt32Array(133, 128, 126), PackedInt32Array(135, 134, 126), PackedInt32Array(126, 134, 136), PackedInt32Array(126, 136, 133), PackedInt32Array(134, 137, 136), PackedInt32Array(140, 139, 138), PackedInt32Array(137, 134, 138), PackedInt32Array(138, 134, 140)]
geometry_parsed_geometry_type = 1
geometry_collision_mask = 1
agent_radius = 2.0

[sub_resource type="PhysicsMaterial" id="PhysicsMaterial_k7obx"]
friction = 0.0
bounce = 0.3

[sub_resource type="BoxShape3D" id="BoxShape3D_0ddct"]
size = Vector3(121.179, 3.89624, 1)

[sub_resource type="BoxShape3D" id="BoxShape3D_xd4lj"]
size = Vector3(17.5878, 3.89624, 1)

[sub_resource type="BoxShape3D" id="BoxShape3D_o0dix"]
size = Vector3(16.0351, 3.89624, 1)

[sub_resource type="BoxShape3D" id="BoxShape3D_q523l"]
size = Vector3(13.0167, 3.89624, 1)

[sub_resource type="BoxShape3D" id="BoxShape3D_pgsk4"]
size = Vector3(12.9043, 3.89624, 1)

[sub_resource type="BoxShape3D" id="BoxShape3D_wo7jt"]
size = Vector3(15.7926, 3.89624, 1)

[sub_resource type="BoxShape3D" id="BoxShape3D_g48qy"]
size = Vector3(17.9043, 3.89624, 1)

[sub_resource type="BoxShape3D" id="BoxShape3D_j8gtt"]
size = Vector3(145.191, 3.89624, 1)

[sub_resource type="BoxShape3D" id="BoxShape3D_2l5r7"]
size = Vector3(145.766, 3.89624, 1)

[sub_resource type="BoxShape3D" id="BoxShape3D_htlp4"]
size = Vector3(21.4499, 3.89624, 1)

[sub_resource type="BoxShape3D" id="BoxShape3D_klpv8"]
size = Vector3(22.248, 3.89624, 1)

[sub_resource type="BoxShape3D" id="BoxShape3D_5bxeu"]
size = Vector3(22.1998, 3.89624, 1)

[sub_resource type="BoxShape3D" id="BoxShape3D_yyl80"]
size = Vector3(22.9676, 3.89624, 1)

[sub_resource type="BoxShape3D" id="BoxShape3D_k7obx"]
size = Vector3(21.6162, 3.89624, 1)

[sub_resource type="BoxShape3D" id="BoxShape3D_rbx75"]
size = Vector3(21.6875, 3.89624, 1)

[sub_resource type="WorldBoundaryShape3D" id="WorldBoundaryShape3D_0ddct"]

[sub_resource type="BoxShape3D" id="BoxShape3D_y7tfb"]
size = Vector3(239.347, 0.97644, 83.2951)

[sub_resource type="BoxShape3D" id="BoxShape3D_vsnt0"]
size = Vector3(1, 4.84985, 20.0812)

[sub_resource type="StandardMaterial3D" id="StandardMaterial3D_meqmy"]
resource_local_to_scene = true
albedo_texture = ExtResource("2_imslj")
uv1_offset = Vector3(0.5, 0.5, 0.5)
uv1_triplanar = true

[sub_resource type="StandardMaterial3D" id="StandardMaterial3D_dsnr5"]
resource_local_to_scene = true
albedo_texture = ExtResource("2_imslj")
uv1_offset = Vector3(0.5, 0.5, 0.5)
uv1_triplanar = true

[sub_resource type="StandardMaterial3D" id="StandardMaterial3D_sx8r1"]
resource_local_to_scene = true
albedo_texture = ExtResource("2_imslj")
uv1_offset = Vector3(0.5, 0.5, 0.5)
uv1_triplanar = true

[sub_resource type="BoxShape3D" id="BoxShape3D_l7x4w"]
size = Vector3(1, 2.34985, 17.1594)

[sub_resource type="Resource" id="Resource_q523l"]
script = ExtResource("12_y7tfb")
duration = 1.0
transition = 0
ease = 2

[sub_resource type="Curve3D" id="Curve3D_q523l"]
_data = {
"points": PackedVector3Array(0, 0, 0, 0, 0, 0, -2.8827, 0, -0.133087, 0, 0, 0, 0, 0, 0, 118.774, 0, 0.159355, 0, 0, 0, 0, 0, 0, 138.806, 0, -2.18019, 0, 0, 0, 0, 0, 0, 152.259, 0, -10.3686, 0, 0, 0, 0, 0, 0, 157.669, 0, -25.137, 0, 0, 0, 0, 0, 0, 152.697, 0, -40.3441, 0, 0, 0, 0, 0, 0, 136.613, 0, -50.5796, 0, 0, 0, 0, 0, 0, 42.5566, 0, -50.9973),
"tilts": PackedFloat32Array(0, 0, 0, 0, 0, 0, 0, 0)
}
point_count = 8

[sub_resource type="Resource" id="Resource_pgsk4"]
script = ExtResource("12_y7tfb")
duration = 1.0
transition = 0
ease = 2

[sub_resource type="ProceduralSkyMaterial" id="ProceduralSkyMaterial_338i0"]
ground_bottom_color = Color(0.230343, 0.26675, 0.52769, 1)
energy_multiplier = 1.48

[sub_resource type="Sky" id="Sky_0ddct"]
sky_material = SubResource("ProceduralSkyMaterial_338i0")

[sub_resource type="Environment" id="Environment_338i0"]
background_mode = 2
sky = SubResource("Sky_0ddct")
fog_enabled = true
fog_sun_scatter = 0.18
fog_aerial_perspective = 0.25
fog_sky_affect = 0.455
adjustment_enabled = true
adjustment_brightness = 0.91
adjustment_contrast = 1.21
adjustment_saturation = 1.2

[node name="RaceTrack" type="Node3D"]
script = ExtResource("1_rbx75")

[node name="track" parent="." instance=ExtResource("2_pgsk4")]
transform = Transform3D(0.97, 0, 0, 0, 0.505, 0, 0, 0, 0.97, 8, 0, 9)

[node name="tree_card_038" parent="track" index="6"]
transform = Transform3D(22.2537, -0.926287, -3.87849, 0.722024, 29.9396, 0.0726645, 3.87424, -0.259072, 22.2646, -2.219, 8.588, 52.322)

[node name="CanvasLayer" type="CanvasLayer" parent="."]

[node name="RaceUi" parent="CanvasLayer" instance=ExtResource("3_pgsk4")]
visible = false

[node name="RaceStartUi" parent="CanvasLayer" instance=ExtResource("2_q523l")]
visible = false

[node name="ColorRect" type="ColorRect" parent="CanvasLayer"]
material = SubResource("ShaderMaterial_pgsk4")
anchors_preset = 15
anchor_right = 1.0
anchor_bottom = 1.0
grow_horizontal = 2
grow_vertical = 2

[node name="RaceEndUi" parent="CanvasLayer" instance=ExtResource("6_rbx75")]
visible = false

[node name="NavigationRegion3D" type="NavigationRegion3D" parent="."]
transform = Transform3D(1, 0, 0, 0, 1, 0, 0, 0, 1, 18.9567, 0.721, 9.45725)
navigation_mesh = SubResource("NavigationMesh_0ddct")

[node name="Colliders" type="Node3D" parent="NavigationRegion3D"]
transform = Transform3D(1, 0, 0, 0, 1, 0, 0, 0, 1, 7.23984, 0, 0.501469)

[node name="InnerRailing" type="StaticBody3D" parent="NavigationRegion3D/Colliders"]
transform = Transform3D(1, 0, 0, 0, 1, 0, 0, 0, 1, -15.39, -0.721, -9.13519)
physics_material_override = SubResource("PhysicsMaterial_k7obx")

[node name="CollisionShape3D" type="CollisionShape3D" parent="NavigationRegion3D/Colliders/InnerRailing"]
transform = Transform3D(1, 0, 0, 0, 1, 0, 0, 0, 1, 1.60961, 2.43236, -14.2113)
shape = SubResource("BoxShape3D_0ddct")
debug_color = Color(0, 0.6, 0.701961, 1)

[node name="CollisionShape3D2" type="CollisionShape3D" parent="NavigationRegion3D/Colliders/InnerRailing"]
transform = Transform3D(1, 0, 0, 0, 1, 0, 0, 0, 1, 1.52044, 2.43236, 29.8948)
shape = SubResource("BoxShape3D_0ddct")
debug_color = Color(0, 0.6, 0.701961, 1)

[node name="CollisionShape3D18" type="CollisionShape3D" parent="NavigationRegion3D/Colliders/InnerRailing"]
transform = Transform3D(-0.992734, -8.3977e-08, 0.120327, -7.24486e-08, 1, 1.00183e-07, -0.120327, 9.07378e-08, -0.992734, 70.6026, 2.43236, -13.2058)
shape = SubResource("BoxShape3D_xd4lj")
debug_color = Color(0, 0.6, 0.701961, 1)

[node name="CollisionShape3D13" type="CollisionShape3D" parent="NavigationRegion3D/Colliders/InnerRailing"]
transform = Transform3D(-0.85285, -1.14099e-07, 0.522156, -7.24486e-08, 1, 1.00183e-07, -0.522156, 4.76117e-08, -0.85285, 85.9005, 2.43236, -7.9847)
shape = SubResource("BoxShape3D_o0dix")
debug_color = Color(0, 0.6, 0.701961, 1)

[node name="CollisionShape3D14" type="CollisionShape3D" parent="NavigationRegion3D/Colliders/InnerRailing"]
transform = Transform3D(-0.358368, 0, 0.93358, 0, 1, 0, -0.93358, 0, -0.358368, 95.0104, 2.43236, 2.20696)
shape = SubResource("BoxShape3D_q523l")
debug_color = Color(0, 0.6, 0.701961, 1)

[node name="CollisionShape3D15" type="CollisionShape3D" parent="NavigationRegion3D/Colliders/InnerRailing"]
transform = Transform3D(-0.358368, 0, -0.93358, 0, 1, 0, 0.93358, 0, -0.358368, 95.0745, 2.43236, 14.1771)
shape = SubResource("BoxShape3D_pgsk4")
debug_color = Color(0, 0.6, 0.701961, 1)

[node name="CollisionShape3D16" type="CollisionShape3D" parent="NavigationRegion3D/Colliders/InnerRailing"]
transform = Transform3D(-0.846212, 0, -0.532847, 0, 1, 0, 0.532847, 0, -0.846212, 86.3348, 2.43236, 24.2445)
shape = SubResource("BoxShape3D_wo7jt")
debug_color = Color(0, 0.6, 0.701961, 1)

[node name="CollisionShape3D19" type="CollisionShape3D" parent="NavigationRegion3D/Colliders/InnerRailing"]
transform = Transform3D(0.992734, -3.44576e-09, -0.120327, -1.4339e-08, -1, -8.96639e-08, -0.120327, 9.07378e-08, -0.992734, -67.2705, 2.43236, -13.6836)
shape = SubResource("BoxShape3D_xd4lj")
debug_color = Color(0, 0.6, 0.701961, 1)

[node name="CollisionShape3D20" type="CollisionShape3D" parent="NavigationRegion3D/Colliders/InnerRailing"]
transform = Transform3D(0.85285, 2.66763e-08, -0.522156, -2.10988e-09, -1, -5.45349e-08, -0.522156, 4.76117e-08, -0.85285, -82.5683, 2.43236, -8.46257)
shape = SubResource("BoxShape3D_o0dix")
debug_color = Color(0, 0.6, 0.701961, 1)

[node name="CollisionShape3D21" type="CollisionShape3D" parent="NavigationRegion3D/Colliders/InnerRailing"]
transform = Transform3D(0.358368, -8.74228e-08, -0.933581, -3.13295e-08, -1, 8.16162e-08, -0.933581, 0, -0.358368, -91.6782, 2.43236, 1.7291)
shape = SubResource("BoxShape3D_q523l")
debug_color = Color(0, 0.6, 0.701961, 1)

[node name="CollisionShape3D22" type="CollisionShape3D" parent="NavigationRegion3D/Colliders/InnerRailing"]
transform = Transform3D(0.358368, -8.74228e-08, 0.93358, -3.13295e-08, -1, -8.16162e-08, 0.93358, 0, -0.358368, -91.7423, 2.43236, 13.6992)
shape = SubResource("BoxShape3D_pgsk4")
debug_color = Color(0, 0.6, 0.701961, 1)

[node name="CollisionShape3D23" type="CollisionShape3D" parent="NavigationRegion3D/Colliders/InnerRailing"]
transform = Transform3D(0.846212, -8.74228e-08, 0.532847, -7.39782e-08, -1, -4.65829e-08, 0.532847, 0, -0.846212, -83.0027, 2.43236, 23.7666)
shape = SubResource("BoxShape3D_wo7jt")
debug_color = Color(0, 0.6, 0.701961, 1)

[node name="CollisionShape3D24" type="CollisionShape3D" parent="NavigationRegion3D/Colliders/InnerRailing"]
transform = Transform3D(0.994656, -8.74228e-08, 0.103244, -8.69556e-08, -1, -9.02588e-09, 0.103244, 0, -0.994656, -67.7689, 2.43236, 28.7477)
shape = SubResource("BoxShape3D_g48qy")
debug_color = Color(0, 0.6, 0.701961, 1)

[node name="CollisionShape3D17" type="CollisionShape3D" parent="NavigationRegion3D/Colliders/InnerRailing"]
transform = Transform3D(-0.997509, 0, -0.07054, 0, 1, 0, 0.07054, 0, -0.997509, 70.9311, 2.43236, 29.2435)
shape = SubResource("BoxShape3D_g48qy")
debug_color = Color(0, 0.6, 0.701961, 1)

[node name="OuterRailing" type="StaticBody3D" parent="NavigationRegion3D/Colliders"]
transform = Transform3D(1, 0, 0, 0, 1, 0, 0, 0, 1, -15.39, -0.721, -9.13519)

[node name="Straight" type="CollisionShape3D" parent="NavigationRegion3D/Colliders/OuterRailing"]
transform = Transform3D(1, 0, 0, 0, 1, 0, 0, 0, 1, 2.48857, 2.43236, -31.6222)
shape = SubResource("BoxShape3D_j8gtt")
debug_color = Color(0, 0.6, 0.701961, 1)

[node name="Straight2" type="CollisionShape3D" parent="NavigationRegion3D/Colliders/OuterRailing"]
transform = Transform3D(1, 0, 0, 0, 1, 0, 0, 0, 1, 2.1657, 2.43236, 48.2847)
shape = SubResource("BoxShape3D_2l5r7")
debug_color = Color(0, 0.6, 0.701961, 1)

[node name="CollisionShape3D18" type="CollisionShape3D" parent="NavigationRegion3D/Colliders/OuterRailing"]
transform = Transform3D(-0.992734, -8.3977e-08, 0.120327, -7.24486e-08, 1, 1.00183e-07, -0.120327, 9.07378e-08, -0.992734, 70.859, 2.43236, -13.1747)
shape = SubResource("BoxShape3D_xd4lj")
debug_color = Color(0, 0.6, 0.701961, 1)

[node name="CollisionShape3D13" type="CollisionShape3D" parent="NavigationRegion3D/Colliders/OuterRailing"]
transform = Transform3D(-0.846481, -1.14666e-07, 0.532418, -7.24486e-08, 1, 1.00183e-07, -0.532418, 4.62302e-08, -0.846481, 86.147, 2.43236, -7.88122)
shape = SubResource("BoxShape3D_o0dix")
debug_color = Color(0, 0.6, 0.701961, 1)

[node name="CollisionShape3D14" type="CollisionShape3D" parent="NavigationRegion3D/Colliders/OuterRailing"]
transform = Transform3D(-0.358368, 0, 0.93358, 0, 1, 0, -0.93358, 0, -0.358368, 95.0159, 2.43236, 2.22128)
shape = SubResource("BoxShape3D_q523l")
debug_color = Color(0, 0.6, 0.701961, 1)

[node name="CollisionShape3D15" type="CollisionShape3D" parent="NavigationRegion3D/Colliders/OuterRailing"]
transform = Transform3D(-0.343856, 0, -0.939022, 0, 1, 0, 0.939022, 0, -0.343856, 95.0955, 2.43236, 14.01)
shape = SubResource("BoxShape3D_pgsk4")
debug_color = Color(0, 0.6, 0.701961, 1)

[node name="CollisionShape3D19" type="CollisionShape3D" parent="NavigationRegion3D/Colliders/OuterRailing"]
transform = Transform3D(0.991146, -2.30685e-09, -0.132775, -1.4339e-08, -1, -8.96639e-08, -0.132775, 9.07739e-08, -0.991146, -80.6156, 2.43236, -30.2069)
shape = SubResource("BoxShape3D_htlp4")
debug_color = Color(0, 0.6, 0.701961, 1)

[node name="CollisionShape3D20" type="CollisionShape3D" parent="NavigationRegion3D/Colliders/OuterRailing"]
transform = Transform3D(0.714827, 3.66281e-08, -0.699302, -2.10988e-09, -1, -5.45349e-08, -0.699302, 4.04584e-08, -0.714827, -98.9645, 2.43236, -21.2099)
shape = SubResource("BoxShape3D_klpv8")
debug_color = Color(0, 0.6, 0.701961, 1)

[node name="CollisionShape3D21" type="CollisionShape3D" parent="NavigationRegion3D/Colliders/OuterRailing"]
transform = Transform3D(0.235481, -8.66986e-08, -0.971879, -3.13295e-08, -1, 8.16162e-08, -0.971879, 1.12294e-08, -0.235481, -109.395, 2.43236, -2.89328)
shape = SubResource("BoxShape3D_5bxeu")
debug_color = Color(0, 0.6, 0.701961, 1)

[node name="CollisionShape3D22" type="CollisionShape3D" parent="NavigationRegion3D/Colliders/OuterRailing"]
transform = Transform3D(0.244326, -8.67973e-08, 0.969693, -3.13295e-08, -1, -8.16162e-08, 0.969693, -1.04391e-08, -0.244326, -109.206, 2.43236, 19.0179)
shape = SubResource("BoxShape3D_yyl80")
debug_color = Color(0, 0.6, 0.701961, 1)

[node name="CollisionShape3D23" type="CollisionShape3D" parent="NavigationRegion3D/Colliders/OuterRailing"]
transform = Transform3D(0.731235, -8.58708e-08, 0.682126, -7.39782e-08, -1, -4.6583e-08, 0.682126, -1.63994e-08, -0.731235, -98.6686, 2.43236, 37.4936)
shape = SubResource("BoxShape3D_k7obx")
debug_color = Color(0, 0.6, 0.701961, 1)

[node name="CollisionShape3D24" type="CollisionShape3D" parent="NavigationRegion3D/Colliders/OuterRailing"]
transform = Transform3D(0.985235, -8.7217e-08, 0.171207, -8.69556e-08, -1, -9.02588e-09, 0.171207, -5.9948e-09, -0.985235, -80.5276, 2.43236, 46.5324)
shape = SubResource("BoxShape3D_rbx75")
debug_color = Color(0, 0.6, 0.701961, 1)

[node name="CollisionShape3D25" type="CollisionShape3D" parent="NavigationRegion3D/Colliders/OuterRailing"]
transform = Transform3D(-0.991146, 8.97296e-08, 0.132775, 1.00988e-07, 1, 7.80563e-08, -0.132775, 9.07739e-08, -0.991146, 85.0301, 2.43237, -30.2069)
shape = SubResource("BoxShape3D_htlp4")
debug_color = Color(0, 0.6, 0.701961, 1)

[node name="CollisionShape3D26" type="CollisionShape3D" parent="NavigationRegion3D/Colliders/OuterRailing"]
transform = Transform3D(-0.714827, 5.07947e-08, 0.699302, 6.4602e-08, 1, -6.60001e-09, -0.699302, 4.04584e-08, -0.714827, 103.379, 2.43236, -21.2099)
shape = SubResource("BoxShape3D_klpv8")
debug_color = Color(0, 0.6, 0.701961, 1)

[node name="CollisionShape3D27" type="CollisionShape3D" parent="NavigationRegion3D/Colliders/OuterRailing"]
transform = Transform3D(-0.235481, 1.74121e-07, 0.971879, 5.1916e-08, 1, -1.66581e-07, -0.971879, 1.12294e-08, -0.235481, 113.809, 2.43236, -2.89328)
shape = SubResource("BoxShape3D_5bxeu")
debug_color = Color(0, 0.6, 0.701961, 1)

[node name="CollisionShape3D28" type="CollisionShape3D" parent="NavigationRegion3D/Colliders/OuterRailing"]
transform = Transform3D(-0.244326, 1.7422e-07, -0.969693, 5.26892e-08, 1, 1.66389e-07, 0.969693, -1.04391e-08, -0.244326, 113.62, 2.43236, 19.0179)
shape = SubResource("BoxShape3D_yyl80")
debug_color = Color(0, 0.6, 0.701961, 1)

[node name="CollisionShape3D29" type="CollisionShape3D" parent="NavigationRegion3D/Colliders/OuterRailing"]
transform = Transform3D(-0.731235, 1.73294e-07, -0.682126, 1.37905e-07, 1, 1.06216e-07, 0.682126, -1.63994e-08, -0.731235, 103.083, 2.43236, 37.4936)
shape = SubResource("BoxShape3D_k7obx")
debug_color = Color(0, 0.6, 0.701961, 1)

[node name="CollisionShape3D30" type="CollisionShape3D" parent="NavigationRegion3D/Colliders/OuterRailing"]
transform = Transform3D(-0.985235, 1.7464e-07, -0.171207, 1.73088e-07, 1, 2.39933e-08, 0.171207, -5.9948e-09, -0.985235, 84.942, 2.43237, 46.5324)
shape = SubResource("BoxShape3D_rbx75")
debug_color = Color(0, 0.6, 0.701961, 1)

[node name="Floor" type="StaticBody3D" parent="NavigationRegion3D/Colliders"]
transform = Transform3D(1, 0, 0, 0, 1, 0, 0, 0, 1, 0, -1.11899, 0)

[node name="CollisionShape3D" type="CollisionShape3D" parent="NavigationRegion3D/Colliders/Floor"]
transform = Transform3D(1, 0, 0, 0, 1, 0, 0, 0, 1, 0, 0.907576, 0)
shape = SubResource("WorldBoundaryShape3D_0ddct")
debug_color = Color(0, 0, 0, 1)

[node name="CollisionShape3D2" type="CollisionShape3D" parent="NavigationRegion3D/Colliders/Floor"]
transform = Transform3D(1, 0, 0, 0, 1, 0, 0, 0, 1, -10.5819, 0.408433, -0.962349)
shape = SubResource("BoxShape3D_y7tfb")

[node name="StaticBody3D" type="StaticBody3D" parent="NavigationRegion3D/Colliders"]
transform = Transform3D(1, 0, 0, 0, 1, 0, 0, 0, 1, -87.0869, 2.02444, 28.751)

[node name="CollisionShape3D" type="CollisionShape3D" parent="NavigationRegion3D/Colliders/StaticBody3D"]
transform = Transform3D(1, 0, 0, 0, 1, 0, 0, 0, 1, 3.23477, 0.0445557, 0.131897)
shape = SubResource("BoxShape3D_vsnt0")

[node name="Bleachers" type="MeshInstance3D" parent="."]
transform = Transform3D(0.01, 0, 0, 0, 0.01, 0, 0, 0, 0.01, 29.8325, 1.63445, -18.0706)
visible = false
mesh = ExtResource("5_338i0")

[node name="Bleachers2" type="MeshInstance3D" parent="."]
transform = Transform3D(0.01, 0, 0, 0, 0.01, 0, 0, 0, 0.01, 18.6737, 1.63445, -18.0706)
visible = false
mesh = ExtResource("5_338i0")

[node name="Bleachers3" type="MeshInstance3D" parent="."]
transform = Transform3D(0.01, 0, 0, 0, 0.01, 0, 0, 0, 0.01, -3.32632, 1.63445, -18.0706)
visible = false
mesh = ExtResource("5_338i0")

[node name="Bleachers4" type="MeshInstance3D" parent="."]
transform = Transform3D(0.01, 0, 0, 0, 0.01, 0, 0, 0, 0.01, 7.67368, 1.63445, -18.0706)
visible = false
mesh = ExtResource("5_338i0")

[node name="Bleachers5" type="MeshInstance3D" parent="."]
transform = Transform3D(-0.01, 0, -8.74228e-10, 0, 0.01, 0, 8.74228e-10, 0, -0.01, -3.40572, 7.63445, 35.9294)
visible = false
mesh = ExtResource("5_338i0")

[node name="Bleachers6" type="MeshInstance3D" parent="."]
transform = Transform3D(-0.01, 0, -8.74228e-10, 0, 0.01, 0, 8.74228e-10, 0, -0.01, 7.75308, 1.63445, 35.9294)
visible = false
mesh = ExtResource("5_338i0")

[node name="Bleachers7" type="MeshInstance3D" parent="."]
transform = Transform3D(-0.01, 0, -8.74228e-10, 0, 0.01, 0, 8.74228e-10, 0, -0.01, 29.7531, 1.63445, 35.9294)
visible = false
mesh = ExtResource("5_338i0")

[node name="Bleachers8" type="MeshInstance3D" parent="."]
transform = Transform3D(-0.01, 0, -8.74228e-10, 0, 0.01, 0, 8.74228e-10, 0, -0.01, 18.7531, 1.63445, 35.9294)
visible = false
mesh = ExtResource("5_338i0")

[node name="Bleachers9" type="MeshInstance3D" parent="."]
transform = Transform3D(1.31134e-09, 0, -0.01, 0, 0.01, 0, 0.01, 0, 1.31134e-09, 57.2531, 1.63445, 4.42944)
visible = false
mesh = ExtResource("5_338i0")

[node name="Bleachers10" type="MeshInstance3D" parent="."]
transform = Transform3D(1.31134e-09, 0, -0.01, 0, 0.01, 0, 0.01, 0, 1.31134e-09, 57.2531, 1.63445, 15.4294)
visible = false
mesh = ExtResource("5_338i0")

[node name="Bleachers11" type="MeshInstance3D" parent="."]
transform = Transform3D(-4.37114e-10, 0, 0.01, 0, 0.01, 0, -0.01, 0, -4.37114e-10, -34.7469, 1.63445, 15.4294)
visible = false
mesh = ExtResource("5_338i0")

[node name="Bleachers12" type="MeshInstance3D" parent="."]
transform = Transform3D(-4.37114e-10, 0, 0.01, 0, 0.01, 0, -0.01, 0, -4.37114e-10, -34.7469, 1.63445, 4.42944)
visible = false
mesh = ExtResource("5_338i0")

[node name="Bleachers13" type="MeshInstance3D" parent="."]
transform = Transform3D(-0.00866025, 0, 0.005, 0, 0.01, 0, -0.005, 0, -0.00866025, -18.9838, 1.63445, 35.6794)
visible = false
mesh = ExtResource("5_338i0")

[node name="Bleachers14" type="MeshInstance3D" parent="."]
transform = Transform3D(-0.00866025, 0, 0.005, 0, 0.01, 0, -0.005, 0, -0.00866025, -28.5101, 1.63445, 30.1794)
visible = false
mesh = ExtResource("5_338i0")

[node name="Bleachers15" type="MeshInstance3D" parent="."]
transform = Transform3D(-0.00707107, 0, -0.00707107, 0, 0.01, 0, 0.00707107, 0, -0.00707107, 53.1422, 1.63445, 29.0403)
visible = false
mesh = ExtResource("5_338i0")

[node name="Bleachers16" type="MeshInstance3D" parent="."]
transform = Transform3D(-0.00707107, 0, -0.00707107, 0, 0.01, 0, 0.00707107, 0, -0.00707107, 45.364, 1.63445, 36.8185)
visible = false
mesh = ExtResource("5_338i0")

[node name="Horse" parent="." instance=ExtResource("7_k7obx")]
transform = Transform3D(-4.37114e-08, 0, 1, 0, 1, 0, -1, 0, -4.37114e-08, -49.3469, 1.37316, 37.8189)

[node name="Horse2" parent="." instance=ExtResource("7_k7obx")]
transform = Transform3D(-4.37114e-08, 0, 1, 0, 1, 0, -1, 0, -4.37114e-08, -49.3469, 1.37316, 38.8763)

[node name="Horse3" parent="." instance=ExtResource("7_k7obx")]
transform = Transform3D(-4.37114e-08, 0, 1, 0, 1, 0, -1, 0, -4.37114e-08, -49.3469, 1.37316, 39.9789)

[node name="Horse4" parent="." instance=ExtResource("7_k7obx")]
transform = Transform3D(-4.37114e-08, 0, 1, 0, 1, 0, -1, 0, -4.37114e-08, -49.3469, 1.37316, 41.0981)

[node name="Horse5" parent="." instance=ExtResource("7_k7obx")]
transform = Transform3D(-4.37114e-08, 0, 1, 0, 1, 0, -1, 0, -4.37114e-08, -49.3469, 1.37316, 42.2472)

[node name="Horse6" parent="." instance=ExtResource("7_k7obx")]
transform = Transform3D(-4.37114e-08, 0, 1, 0, 1, 0, -1, 0, -4.37114e-08, -49.3469, 1.37316, 43.5137)

[node name="Horse7" parent="." instance=ExtResource("7_k7obx")]
transform = Transform3D(-4.37114e-08, 0, 1, 0, 1, 0, -1, 0, -4.37114e-08, -49.3469, 1.37316, 44.5137)

[node name="Horse8" parent="." instance=ExtResource("7_k7obx")]
transform = Transform3D(-4.37114e-08, 0, 1, 0, 1, 0, -1, 0, -4.37114e-08, -49.3469, 1.37316, 45.5137)

[node name="ProtoCSGBox3D2" parent="." instance=ExtResource("1_a8xlo")]
transform = Transform3D(1, 0, 0, 0, 1, 0, 0, 0, 1, -3.43227, 2.92849, -12.498)
size = Vector3(0.25, 5.431, 0.25)
material = SubResource("StandardMaterial3D_meqmy")

[node name="ProtoCSGBox3D3" parent="." instance=ExtResource("1_a8xlo")]
transform = Transform3D(1, 0, 0, 0, 1, 0, 0, 0, 1, -3.43227, 2.92849, -31.833)
size = Vector3(0.25, 5.431, 0.25)
material = SubResource("StandardMaterial3D_dsnr5")

[node name="ProtoCSGBox3D4" parent="." instance=ExtResource("1_a8xlo")]
transform = Transform3D(1, 0, 0, 0, 1, 0, 0, 0, 1, -3.43227, 5.05528, -22.0442)
size = Vector3(0.25, 1.17741, 19.3423)
material = SubResource("StandardMaterial3D_sx8r1")

[node name="StartTimer" type="Timer" parent="."]
unique_name_in_owner = true
wait_time = 3.5
one_shot = true

[node name="FinishLine" type="Area3D" parent="."]
transform = Transform3D(1, 0, 0, 0, 1, 0, 0, 0, 1, -3.43227, 0.713093, -22.4414)

[node name="CollisionShape3D" type="CollisionShape3D" parent="FinishLine"]
transform = Transform3D(1, 0, 0, 0, 1, 0, 0, 0, 1, 0, 0.674927, 0.352333)
shape = SubResource("BoxShape3D_l7x4w")

[node name="FinishLine" type="Marker3D" parent="FinishLine"]
unique_name_in_owner = true
transform = Transform3D(1, 0, 0, 0, 1, 0, 0, 0, 1, -13.8203, 0, 6.63539)
gizmo_extents = 8.57

[node name="LeadCamera" type="Node3D" parent="." node_paths=PackedStringArray("follow_target")]
transform = Transform3D(-1, 0, -8.74228e-08, -4.38791e-08, 0.864915, 0.501918, 7.56133e-08, 0.501918, -0.864915, -49.3469, 4.22008, 32.959)
top_level = true
script = ExtResource("11_rbx75")
follow_mode = 5
follow_target = NodePath("../Horse")
tween_resource = SubResource("Resource_q523l")
host_layers = 2
follow_offset = Vector3(0, 2.345, -3.995)
dead_zone_width = 0.033
dead_zone_height = 0.085
metadata/_custom_type_script = "uid://csjccrhj5wnx7"

[node name="GroupCamera" type="Node3D" parent="." node_paths=PackedStringArray("follow_targets")]
transform = Transform3D(-1, 0, -8.74228e-08, -4.38791e-08, 0.864915, 0.501918, 7.56133e-08, 0.501918, -0.864915, -49.3469, 4.22008, 36.8064)
top_level = true
script = ExtResource("11_rbx75")
priority = 1
follow_mode = 3
follow_targets = [NodePath("../Horse"), NodePath("../Horse2"), NodePath("../Horse3"), NodePath("../Horse4"), NodePath("../Horse5"), NodePath("../Horse6"), NodePath("../Horse7"), NodePath("../Horse8")]
tween_resource = SubResource("Resource_q523l")
host_layers = 2
follow_offset = Vector3(0, 2.345, -3.995)
dead_zone_width = 0.033
dead_zone_height = 0.085
metadata/_custom_type_script = "uid://csjccrhj5wnx7"

[node name="Spawns" type="Node3D" parent="."]
transform = Transform3D(1, 0, 0, 0, 1, 0, 0, 0, 1, -49.326, 1.34281, 38.7375)

[node name="Marker3D" type="Marker3D" parent="Spawns"]
transform = Transform3D(-4.37114e-08, 0, 1, 0, 1, 0, -1, 0, -4.37114e-08, 0, 0, 0)

[node name="Marker3D2" type="Marker3D" parent="Spawns"]
transform = Transform3D(-4.37114e-08, 0, 1, 0, 1, 0, -1, 0, -4.37114e-08, 0, 0, 1)

[node name="Marker3D3" type="Marker3D" parent="Spawns"]
transform = Transform3D(-4.37114e-08, 0, 1, 0, 1, 0, -1, 0, -4.37114e-08, 0, 0, 2)

[node name="Marker3D4" type="Marker3D" parent="Spawns"]
transform = Transform3D(-4.37114e-08, 0, 1, 0, 1, 0, -1, 0, -4.37114e-08, 0, 0, 3)

[node name="Marker3D5" type="Marker3D" parent="Spawns"]
transform = Transform3D(-4.37114e-08, 0, 1, 0, 1, 0, -1, 0, -4.37114e-08, 0, 0, 4)

[node name="Marker3D6" type="Marker3D" parent="Spawns"]
transform = Transform3D(-4.37114e-08, 0, 1, 0, 1, 0, -1, 0, -4.37114e-08, 0, 0, 5)

[node name="Marker3D7" type="Marker3D" parent="Spawns"]
transform = Transform3D(-4.37114e-08, 0, 1, 0, 1, 0, -1, 0, -4.37114e-08, 0.005, 0.025, 6)

[node name="Marker3D8" type="Marker3D" parent="Spawns"]
transform = Transform3D(-4.37114e-08, 0, 1, 0, 1, 0, -1, 0, -4.37114e-08, 0.005, 0.025, 7)

[node name="RacePath" type="Path3D" parent="."]
transform = Transform3D(1, 0, 0, 0, 1, 0, 0, 0, 1, -46, 0, 35)
curve = SubResource("Curve3D_q523l")

[node name="ProgressTracker" type="Node3D" parent="RacePath" node_paths=PackedStringArray("follow_target", "follow_path")]
unique_name_in_owner = true
transform = Transform3D(1, 0, 0, 0, 1, 0, 0, 0, 1, -48.8827, 0, 34.8669)
top_level = true
script = ExtResource("11_rbx75")
follow_mode = 4
follow_target = NodePath("../../Horse")
follow_path = NodePath("..")
tween_resource = SubResource("Resource_pgsk4")
tween_on_load = false
host_layers = 0
metadata/_custom_type_script = "uid://csjccrhj5wnx7"

[node name="Camera3D" type="Camera3D" parent="."]
physics_interpolation_mode = 1
transform = Transform3D(-1, 0, -8.74228e-08, -4.38791e-08, 0.864915, 0.501918, 7.56133e-08, 0.501918, -0.864915, -49.3469, 4.22008, 36.8064)
environment = SubResource("Environment_338i0")

[node name="PhantomCameraHost" type="Node" parent="Camera3D"]
process_priority = 300
process_physics_priority = 300
script = ExtResource("10_k7obx")
host_layers = 2
metadata/_custom_type_script = "uid://bd046eokvcnu2"

[node name="AudioStreamPlayer" type="AudioStreamPlayer" parent="Camera3D"]
bus = &"Announcer"

[node name="AudioStreamPlayer2" type="AudioStreamPlayer" parent="Camera3D"]
bus = &"Crowd"

[connection signal="race_progressed" from="." to="CanvasLayer/RaceUi" method="on_race_progressed"]
[connection signal="standings_changed" from="." to="." method="_on_standings_changed"]
[connection signal="standings_changed" from="." to="CanvasLayer/RaceUi" method="on_standings_changed"]
[connection signal="body_entered" from="FinishLine" to="." method="_on_finish_line_body_entered"]

[editable path="track"]
