[gd_scene load_steps=16 format=3 uid="uid://bdplp3us7r8rh"]

[ext_resource type="Script" uid="uid://cqmopd1uel163" path="res://scripts/room.gd" id="1_3j2fx"]
[ext_resource type="PackedScene" uid="uid://do0j3wuutw3vo" path="res://props/room.tscn" id="2_3j2fx"]
[ext_resource type="Script" uid="uid://csjccrhj5wnx7" path="res://addons/phantom_camera/scripts/phantom_camera/phantom_camera_3d.gd" id="3_14vil"]
[ext_resource type="Script" uid="uid://8umksf8e80fw" path="res://addons/phantom_camera/scripts/resources/tween_resource.gd" id="4_jxe34"]
[ext_resource type="PackedScene" uid="uid://cxielyoe8nyv8" path="res://props/legs.tscn" id="6_23wr2"]
[ext_resource type="PackedScene" uid="uid://dc3ln6bo1l2dn" path="res://props/laptop.tscn" id="8_23wr2"]
[ext_resource type="PackedScene" uid="uid://dvl383ispakmn" path="res://scenes/elements/betting_screen_3d.tscn" id="10_eom3m"]
[ext_resource type="Script" uid="uid://cnyg4036kkox0" path="res://scripts/hand.gd" id="10_qtoah"]
[ext_resource type="PackedScene" uid="uid://bxhncsfrmtyq" path="res://props/sofa.tscn" id="11_eom3m"]
[ext_resource type="PackedScene" uid="uid://dd7nt8kkyhyl3" path="res://props/sofa_caddy.tscn" id="11_tk5fv"]
[ext_resource type="PackedScene" uid="uid://b5ysplb6jgvyn" path="res://props/tv.tscn" id="12_tk5fv"]
[ext_resource type="PackedScene" uid="uid://dx2yd0mag8h7a" path="res://props/cabinet.tscn" id="13_w68ji"]
[ext_resource type="PackedScene" uid="uid://c0vwsywd7v1pf" path="res://props/big_slurp.tscn" id="14_23wr2"]
[ext_resource type="PackedScene" uid="uid://pbesfay12u6r" path="res://props/hand.tscn" id="16_dynfe"]

[sub_resource type="Resource" id="Resource_ybpoa"]
script = ExtResource("4_jxe34")
duration = 1.0
transition = 0
ease = 2

[node name="Room" type="Node3D"]
script = ExtResource("1_3j2fx")

[node name="DirectionalLight3D" type="DirectionalLight3D" parent="."]
transform = Transform3D(1, 0, 0, 0, -0.421875, 0.906654, 0, -0.906654, -0.421875, -2.44773, 22.3992, -7.95924)
light_energy = 1.57

[node name="Room" parent="." instance=ExtResource("2_3j2fx")]

[node name="PhantomCamera3D" type="Node3D" parent="Room"]
transform = Transform3D(-1, 0, -8.74228e-08, -1.74921e-08, 0.979778, 0.200086, 8.56549e-08, 0.200086, -0.979778, -0.184646, 2.54906, -1.06024)
script = ExtResource("3_14vil")
priority = 1
tween_resource = SubResource("Resource_ybpoa")
metadata/_custom_type_script = "uid://csjccrhj5wnx7"

[node name="Sofa" parent="Room" instance=ExtResource("11_eom3m")]
transform = Transform3D(1, 0, 0, 0, 1, 0, 0, 0, 1, -0.134372, 0.710144, -0.841472)

[node name="LeftLeg" parent="Room/Sofa" instance=ExtResource("6_23wr2")]
transform = Transform3D(-0.978148, 0, -0.207912, 0, 1, 0, 0.207912, 0, -0.978148, 0.438646, 0.622293, 0.660188)

[node name="RightLeg" parent="Room/Sofa" instance=ExtResource("6_23wr2")]
transform = Transform3D(-0.978148, 0, 0.207912, 0, 1, 0, -0.207912, 0, -0.978148, -0.436925, 0.622293, 0.660188)

[node name="SofaCaddy" parent="Room" instance=ExtResource("11_tk5fv")]
transform = Transform3D(0.956666, 0, 0.291186, 0, 1, 0, -0.291186, 0, 0.956666, 0.282085, 0.651249, 0.428654)

[node name="Laptop" parent="Room/SofaCaddy" instance=ExtResource("8_23wr2")]
transform = Transform3D(-0.957011, 0, -0.290051, 0, 1, 0, 0.290051, 0, -0.957011, 0.226061, 1.17273, -0.00619695)

[node name="GUIPanel3D" parent="Room/SofaCaddy/Laptop" instance=ExtResource("10_eom3m")]
transform = Transform3D(0.274998, -0.000959929, 0, 0.000908175, 0.260172, 0.0890773, -0.000310938, -0.0890767, 0.260173, -0.000927175, 0.291634, -0.392087)
script = null

[node name="Cabinet" parent="Room" instance=ExtResource("13_w68ji")]
transform = Transform3D(-1, 0, 8.9407e-08, 0, 1, 0, -8.9407e-08, 0, -1, -0.604139, 0.567382, 3.32538)

[node name="TV" parent="Room/Cabinet" instance=ExtResource("12_tk5fv")]
transform = Transform3D(0.999051, 0, -0.0435671, 0, 1, 0, 0.0435671, 0, 0.999051, -0.0094287, 0.876398, 0.0875519)

[node name="big_slurp" parent="Room" instance=ExtResource("14_23wr2")]
transform = Transform3D(0.0624943, 0, 0.078067, 0, 0.1, 0, -0.078067, 0, 0.0624943, -0.134337, 1.74635, 0.732319)

[node name="Circle_002" parent="Room/big_slurp" index="2"]
transform = Transform3D(1, 0, 0, 0, 1, 0, 0, 0, 1, 0.791703, 0.0820416, -2.21054)

[node name="Hand" parent="Room" instance=ExtResource("16_dynfe")]
transform = Transform3D(4.08, 0, 0, 0, 4.08, -6.16063e-07, 0, 6.16063e-07, 4.08, -1.15809, 2.04369, -0.155301)
script = ExtResource("10_qtoah")

[editable path="Room/big_slurp"]
